                    Close  High   Low  Open  Volume
2015-02-11 04:12:34 17.72 17.72 17.72 17.72       0
2015-02-11 04:19:53 17.87 17.87 17.67 17.73   66600
2015-02-11 04:24:58 17.92 17.95 17.75 17.87   90700
2015-02-11 04:29:59 17.94 17.99 17.88 17.94  182500
2015-02-11 04:34:48 17.90 17.95 17.87 17.91  140600
2015-02-11 04:39:59 18.02 18.06 17.90 17.91  251800
2015-02-11 04:44:40 18.05 18.07 18.01 18.02  130600
2015-02-11 04:49:54 18.12 18.18 18.04 18.05  307600
2015-02-11 04:54:58 18.11 18.16 18.11 18.13   77200
2015-02-11 04:59:57 18.07 18.13 18.05 18.11  159200
2015-02-11 05:04:57 18.00 18.09 17.98 18.07  169600
2015-02-11 05:09:59 18.09 18.10 18.00 18.02  118600
2015-02-11 05:14:53 18.10 18.16 18.05 18.09  252800
2015-02-11 05:19:47 18.03 18.11 18.00 18.10  258100
2015-02-11 05:24:58 17.84 18.04 17.81 18.02  292400
2015-02-11 05:29:57 17.84 17.92 17.84 17.85  215400
2015-02-11 05:34:14 17.93 17.97 17.85 17.85   75100
2015-02-11 05:39:56 17.96 17.98 17.93 17.94   47400
2015-02-11 05:44:54 17.98 17.98 17.94 17.97   64500
2015-02-11 05:49:55 17.96 18.05 17.96 17.98  172300
2015-02-11 05:54:56 17.95 17.99 17.94 17.96   46900
2015-02-11 05:59:47 17.88 17.99 17.87 17.95   60200
2015-02-11 06:04:53 17.90 17.91 17.87 17.88   68600
2015-02-11 06:09:51 17.85 17.90 17.85 17.89   84100
2015-02-11 06:14:58 17.87 17.90 17.84 17.84   92600
2015-02-11 06:19:35 17.89 17.89 17.84 17.86   66200
2015-02-11 06:24:49 17.97 17.98 17.90 17.90   75500
2015-02-11 06:29:56 17.97 18.00 17.97 17.97   64900
2015-02-11 06:34:57 17.96 17.99 17.96 17.98   66000
2015-02-11 06:39:59 17.92 17.98 17.91 17.96  107300
2015-02-11 06:44:57 17.84 17.94 17.82 17.92  114600
2015-02-11 06:49:58 17.82 17.85 17.71 17.85  350000
2015-02-11 06:54:47 17.88 17.92 17.83 17.83  145100
2015-02-11 06:59:55 17.87 17.90 17.78 17.87  296300
2015-02-11 07:04:19 17.86 17.88 17.83 17.87   62900
2015-02-11 07:09:56 17.76 17.87 17.74 17.86  147300
2015-02-11 07:14:58 17.76 17.77 17.69 17.76  214300
2015-02-11 07:19:46 17.73 17.78 17.71 17.77   95100
2015-02-11 07:24:59 17.83 17.83 17.71 17.71   62300
2015-02-11 07:29:58 17.91 17.91 17.80 17.83  158100
2015-02-11 07:34:59 17.85 17.94 17.83 17.91   96900
2015-02-11 07:39:57 17.93 17.94 17.85 17.85   52100
2015-02-11 07:44:44 17.92 17.94 17.89 17.93   97200
2015-02-11 07:49:41 17.84 17.91 17.83 17.91   65800
2015-02-11 07:54:50 17.92 17.92 17.85 17.85   52600
2015-02-11 07:59:40 17.91 17.96 17.89 17.91  104000
2015-02-11 08:04:59 17.97 17.97 17.90 17.91   99300
2015-02-11 08:09:52 17.97 17.98 17.95 17.97   68800
2015-02-11 08:14:58 17.99 18.03 17.97 17.97  114400
2015-02-11 08:19:59 17.95 18.03 17.93 18.00  266400
2015-02-11 08:24:59 17.96 17.97 17.90 17.95  278700
2015-02-11 08:29:59 17.98 18.00 17.94 17.95  123300
2015-02-11 08:34:59 17.94 17.99 17.94 17.98   82000
2015-02-11 08:39:59 17.97 18.01 17.94 17.94  233200
2015-02-11 08:44:59 18.00 18.01 17.95 17.97  152400
2015-02-11 08:49:59 18.02 18.02 17.96 18.00  128200
2015-02-11 08:54:59 18.00 18.02 17.97 18.00  214400
2015-02-11 08:59:59 17.97 18.01 17.96 18.00  122500
2015-02-11 09:04:59 17.97 18.02 17.97 17.98  254600
2015-02-11 09:09:59 17.95 17.98 17.94 17.97  180700
2015-02-11 09:14:59 17.98 17.99 17.94 17.95  140400
2015-02-11 09:19:59 18.06 18.08 17.97 17.98  315800
2015-02-11 09:24:59 18.12 18.13 18.05 18.06  268300
2015-02-11 09:29:59 18.11 18.15 18.09 18.12  298700
2015-02-11 09:34:59 18.16 18.20 18.10 18.11  416100
2015-02-11 09:39:59 18.24 18.25 18.15 18.16  388100
2015-02-11 09:44:59 18.19 18.25 18.17 18.24  418000
2015-02-11 09:49:59 18.22 18.25 18.18 18.19  191100
2015-02-11 09:54:59 18.20 18.25 18.19 18.22  186300
2015-02-11 09:59:59 18.10 18.22 18.09 18.20  293600
2015-02-11 10:04:59 18.11 18.13 18.09 18.10  207700
2015-02-11 10:09:59 18.19 18.19 18.07 18.11  347200
2015-02-11 10:14:59 18.17 18.21 18.14 18.19  247500
2015-02-11 10:19:59 18.08 18.18 18.07 18.17  320600
2015-02-11 10:24:59 18.13 18.14 18.06 18.08  202100
2015-02-11 10:29:59 18.13 18.15 18.10 18.13  150100
2015-02-11 10:34:59 18.16 18.20 18.12 18.13  197000
2015-02-11 10:39:59 18.09 18.17 18.08 18.16  152600
2015-02-11 10:44:59 18.13 18.15 18.09 18.09  217300
2015-02-11 10:49:54 18.22 18.25 18.13 18.13  787700
2015-02-11 10:54:59 18.25 18.28 18.17 18.17  221600
2015-02-11 10:59:59 18.22 18.25 18.17 18.19       0
2015-02-11 11:00:00 18.23 18.23 18.23 18.23       0
2015-02-12 04:24:59 18.66 18.73 18.66 18.70  755200
2015-02-12 04:29:58 18.63 18.65 18.56 18.65  161100
2015-02-12 04:34:57 18.65 18.66 18.60 18.65  146800
2015-02-12 04:39:49 18.57 18.65 18.56 18.65  169100
2015-02-12 04:44:54 18.56 18.61 18.55 18.57  115400
2015-02-12 04:49:59 18.60 18.61 18.56 18.57  217600
2015-02-12 04:54:39 18.62 18.63 18.60 18.60  124000
2015-02-12 04:59:57 18.61 18.62 18.56 18.60  295900
2015-02-12 05:04:59 18.62 18.62 18.58 18.61  174800
2015-02-12 05:09:55 18.63 18.65 18.60 18.62   55300
2015-02-12 05:14:49 18.69 18.70 18.61 18.62  216900
2015-02-12 05:19:59 18.68 18.70 18.68 18.69   61900
2015-02-12 05:24:35 18.69 18.70 18.68 18.69   51200
2015-02-12 05:29:58 18.69 18.70 18.69 18.69   48600
2015-02-12 05:34:59 18.69 18.70 18.66 18.69  102300
2015-02-12 05:39:59 18.69 18.70 18.68 18.70   90000
2015-02-12 05:44:53 18.68 18.69 18.68 18.69   44300
2015-02-12 05:49:59 18.69 18.69 18.66 18.68   66300
2015-02-12 05:54:50 18.77 18.78 18.67 18.69  286400
2015-02-12 05:59:57 18.75 18.78 18.74 18.77  116700
2015-02-12 06:04:59 18.74 18.78 18.74 18.75   89400
2015-02-12 06:09:38 18.68 18.74 18.68 18.73  156700
2015-02-12 06:14:33 18.68 18.72 18.67 18.67  108400
2015-02-12 06:19:56 18.67 18.68 18.62 18.68  102500
2015-02-12 06:24:57 18.61 18.67 18.61 18.66   92500
2015-02-12 06:29:57 18.62 18.65 18.61 18.62   79600
2015-02-12 06:34:57 18.64 18.64 18.60 18.63   66800
2015-02-12 06:39:57 18.65 18.67 18.63 18.64   68100
2015-02-12 06:44:53 18.68 18.70 18.65 18.65   72300
2015-02-12 06:49:59 18.71 18.80 18.70 18.70  565800
2015-02-12 06:54:56 18.76 18.79 18.70 18.72  269200
2015-02-12 06:59:59 18.67 18.80 18.66 18.77  132900
2015-02-12 07:04:59 18.68 18.68 18.65 18.66  105500
2015-02-12 07:09:55 18.66 18.70 18.64 18.68  162200
2015-02-12 07:14:56 18.52 18.66 18.50 18.66  216800
2015-02-12 07:19:58 18.40 18.52 18.37 18.51  311000
2015-02-12 07:24:51 18.44 18.45 18.37 18.40  141700
2015-02-12 07:29:52 18.49 18.54 18.45 18.45  163300
2015-02-12 07:34:45 18.48 18.52 18.42 18.51  209300
2015-02-12 07:39:57 18.52 18.53 18.48 18.48  391400
2015-02-12 07:44:49 18.52 18.54 18.50 18.52   96300
2015-02-12 07:49:50 18.52 18.53 18.46 18.51  141300
2015-02-12 07:54:58 18.50 18.52 18.48 18.51  256900
2015-02-12 07:59:48 18.55 18.55 18.50 18.50   73800
2015-02-12 08:04:47 18.52 18.58 18.50 18.55  127500
2015-02-12 08:09:56 18.51 18.53 18.50 18.51   80800
2015-02-12 08:14:48 18.53 18.54 18.49 18.49   90300
2015-02-12 08:19:35 18.54 18.55 18.52 18.53   89100
2015-02-12 08:24:55 18.53 18.56 18.53 18.54   74300
2015-02-12 08:29:51 18.55 18.55 18.53 18.54   40500
2015-02-12 08:34:56 18.55 18.56 18.52 18.54  110900
2015-02-12 08:39:59 18.58 18.59 18.54 18.54  149700
2015-02-12 08:44:59 18.58 18.62 18.58 18.59  196400
2015-02-12 08:49:49 18.61 18.62 18.59 18.59  121500
2015-02-12 08:54:58 18.61 18.63 18.61 18.61  125600
2015-02-12 08:59:58 18.66 18.66 18.61 18.61   92900
2015-02-12 09:04:58 18.64 18.66 18.63 18.66   80200
2015-02-12 09:09:37 18.65 18.66 18.61 18.65  178800
2015-02-12 09:14:57 18.67 18.67 18.64 18.64  158200
2015-02-12 09:19:58 18.69 18.70 18.65 18.66   89200
2015-02-12 09:24:58 18.65 18.68 18.63 18.68   64800
2015-02-12 09:29:54 18.65 18.66 18.63 18.65   73900
2015-02-12 09:34:51 18.65 18.67 18.62 18.65  102000
2015-02-12 09:39:55 18.62 18.64 18.60 18.64  307900
2015-02-12 09:44:56 18.67 18.67 18.62 18.63  132300
2015-02-12 09:49:56 18.66 18.69 18.66 18.66  211700
2015-02-12 09:54:54 18.64 18.67 18.63 18.66  102200
2015-02-12 09:59:58 18.57 18.65 18.56 18.65  128600
2015-02-12 10:04:56 18.56 18.57 18.52 18.57  233400
2015-02-12 10:09:59 18.62 18.63 18.56 18.56  235300
2015-02-12 10:14:57 18.57 18.62 18.56 18.62  114100
2015-02-12 10:19:56 18.61 18.63 18.57 18.58  107600
2015-02-12 10:24:46 18.63 18.64 18.59 18.61   78700
2015-02-12 10:29:59 18.67 18.68 18.62 18.64  151300
2015-02-12 10:34:48 18.68 18.70 18.66 18.67  245800
2015-02-12 10:39:54 18.65 18.70 18.65 18.68  131200
2015-02-12 10:44:58 18.65 18.68 18.64 18.65  240000
2015-02-12 10:49:58 18.65 18.67 18.63 18.65  743600
2015-02-12 10:54:50 18.56 18.66 18.53 18.64  121200
2015-02-12 10:59:59 18.65 18.67 18.63 18.64       0
2015-02-12 11:00:00 18.58 18.58 18.58 18.58       0
2015-02-13 04:02:17 18.58 18.58 18.58 18.58       0
2015-02-13 04:24:56 18.99 19.05 18.76 18.76 1194300
2015-02-13 04:29:59 19.03 19.08 18.99 19.00  369300
2015-02-13 04:34:59 18.97 19.03 18.97 19.03  207000
2015-02-13 04:39:57 18.98 19.02 18.97 18.97   80000
2015-02-13 04:44:57 18.99 18.99 18.97 18.98   42200
2015-02-13 04:49:54 19.01 19.02 18.98 18.99  112800
2015-02-13 04:54:52 19.03 19.04 19.00 19.02  130900
2015-02-13 04:59:59 19.01 19.05 19.01 19.02  101300
2015-02-13 05:04:58 18.94 19.04 18.92 19.01  183600
2015-02-13 05:09:59 18.99 18.99 18.93 18.94   89100
2015-02-13 05:14:59 19.05 19.06 18.98 18.99  489400
2015-02-13 05:19:58 19.00 19.06 19.00 19.05  140600
2015-02-13 05:24:59 19.02 19.02 18.97 19.00  106900
2015-02-13 05:29:59 19.02 19.05 19.01 19.02  103100
2015-02-13 05:34:59 19.11 19.13 19.02 19.03  454100
2015-02-13 05:39:56 19.15 19.18 19.08 19.10  434300
2015-02-13 05:44:57 19.11 19.16 19.11 19.15  154700
2015-02-13 05:49:59 19.12 19.13 19.10 19.12  128200
2015-02-13 05:54:59 19.14 19.15 19.12 19.12  145400
2015-02-13 05:59:58 19.18 19.18 19.14 19.14  134000
2015-02-13 06:04:59 19.15 19.18 19.15 19.18  105700
2015-02-13 06:09:58 19.16 19.17 19.15 19.16   96700
2015-02-13 06:14:55 19.17 19.18 19.16 19.16  102000
2015-02-13 06:19:57 19.18 19.20 19.17 19.18  183200
2015-02-13 06:24:58 19.15 19.20 19.15 19.18  144600
2015-02-13 06:29:59 19.20 19.21 19.15 19.15  163100
2015-02-13 06:34:59 19.26 19.26 19.19 19.20  280100
2015-02-13 06:39:59 19.23 19.27 19.21 19.26  154600
2015-02-13 06:44:58 19.19 19.24 19.12 19.24  286200
2015-02-13 06:49:58 19.26 19.27 19.16 19.19  454000
2015-02-13 06:54:59 19.37 19.38 19.24 19.26  858200
2015-02-13 06:59:58 19.38 19.41 19.33 19.37  766500
2015-02-13 07:04:59 19.39 19.46 19.38 19.39  464300
2015-02-13 07:09:59 19.31 19.42 19.30 19.40  569100
2015-02-13 07:14:59 19.36 19.39 19.31 19.32  109500
2015-02-13 07:19:58 19.36 19.36 19.31 19.36  146600
2015-02-13 07:24:59 19.34 19.40 19.32 19.36  222900
2015-02-13 07:29:59 19.37 19.40 19.32 19.34  148300
2015-02-13 07:34:59 19.37 19.38 19.35 19.37  119900
2015-02-13 07:39:58 19.34 19.38 19.34 19.37   88500
2015-02-13 07:44:59 19.31 19.38 19.31 19.34  153800
2015-02-13 07:49:59 19.25 19.31 19.23 19.31  216500
2015-02-13 07:54:59 19.24 19.25 19.22 19.24  216800
2015-02-13 07:59:59 19.29 19.29 19.24 19.24  308500
2015-02-13 08:04:59 19.26 19.30 19.26 19.28   73000
2015-02-13 08:09:59 19.26 19.28 19.26 19.26   89300
2015-02-13 08:14:59 19.27 19.28 19.26 19.26  141800
2015-02-13 08:19:59 19.27 19.28 19.26 19.27  152200
2015-02-13 08:24:59 19.27 19.34 19.26 19.28  343300
2015-02-13 08:29:59 19.35 19.35 19.27 19.27  113300
2015-02-13 08:34:57 19.33 19.35 19.31 19.35  112000
2015-02-13 08:39:58 19.34 19.34 19.31 19.33  108700
2015-02-13 08:44:59 19.35 19.35 19.32 19.34   89100
2015-02-13 08:49:59 19.36 19.37 19.33 19.35  102000
2015-02-13 08:54:58 19.42 19.42 19.36 19.36  244000
2015-02-13 08:59:51 19.41 19.42 19.39 19.42  121900
2015-02-13 09:04:59 19.35 19.42 19.35 19.40  226500
2015-02-13 09:09:58 19.37 19.38 19.34 19.35   67800
2015-02-13 09:14:57 19.38 19.39 19.36 19.37  326400
2015-02-13 09:19:59 19.39 19.40 19.37 19.37  135900
2015-02-13 09:24:59 19.33 19.41 19.32 19.39  220700
2015-02-13 09:29:58 19.30 19.35 19.29 19.33  212600
2015-02-13 09:34:55 19.30 19.30 19.27 19.30  339300
2015-02-13 09:39:57 19.32 19.34 19.27 19.29  134700
2015-02-13 09:44:59 19.33 19.34 19.32 19.32   72000
2015-02-13 09:49:59 19.33 19.37 19.30 19.33  212300
2015-02-13 09:54:58 19.33 19.35 19.31 19.33  114300
2015-02-13 09:59:59 19.29 19.33 19.29 19.33  246300
2015-02-13 10:04:58 19.34 19.35 19.28 19.29  184400
2015-02-13 10:09:59 19.38 19.39 19.33 19.34  127400
2015-02-13 10:14:59 19.39 19.39 19.37 19.38  101900
2015-02-13 10:19:57 19.37 19.40 19.37 19.38  131500
2015-02-13 10:24:54 19.38 19.41 19.37 19.37  441600
2015-02-13 10:29:58 19.39 19.40 19.36 19.38  389800
2015-02-13 10:34:58 19.39 19.40 19.39 19.39  181400
2015-02-13 10:39:59 19.34 19.40 19.34 19.39  664300
2015-02-13 10:44:58 19.30 19.35 19.30 19.34  354400
2015-02-13 10:49:54 19.27 19.31 19.23 19.31 1150500
2015-02-13 10:54:59 19.32 19.33 19.19 19.25  189700
2015-02-13 10:59:55 19.24 19.28 19.19 19.19       0
2015-02-13 11:00:00 19.34 19.34 19.34 19.34 2342200
2015-02-18 04:31:27 19.34 19.34 19.34 19.34       0
2015-02-18 05:08:37 19.34 19.34 19.34 19.34       0
2015-02-18 05:45:47 19.34 19.34 19.34 19.34       0
2015-02-18 06:23:00 19.34 19.34 19.34 19.34       0
2015-02-18 07:00:15 19.34 19.34 19.34 19.34       0
2015-02-18 07:19:52 19.59 19.69 19.54 19.54  330000
2015-02-18 07:24:55 19.63 19.65 19.53 19.59  334900
2015-02-18 07:29:59 19.70 19.72 19.61 19.63  234700
2015-02-18 07:34:57 19.71 19.77 19.68 19.70  152600
2015-02-18 07:39:56 19.71 19.73 19.67 19.71  188900
2015-02-18 07:44:59 19.73 19.76 19.68 19.70  371100
2015-02-18 07:49:49 19.70 19.75 19.70 19.72  139700
2015-02-18 07:54:58 19.65 19.74 19.64 19.70  674200
2015-02-18 07:59:59 19.61 19.66 19.59 19.65  353200
2015-02-18 08:04:48 19.64 19.65 19.59 19.62  203700
2015-02-18 08:09:59 19.67 19.68 19.62 19.65  130400
2015-02-18 08:14:59 19.69 19.72 19.64 19.65  203700
2015-02-18 08:19:59 19.66 19.73 19.62 19.71  288800
2015-02-18 08:24:57 19.60 19.69 19.60 19.66  280700
2015-02-18 08:29:59 19.64 19.66 19.60 19.62  220900
2015-02-18 08:34:59 19.63 19.67 19.61 19.64  305000
2015-02-18 08:39:58 19.63 19.67 19.61 19.64  220300
2015-02-18 08:44:59 19.66 19.70 19.62 19.64  195100
2015-02-18 08:49:59 19.65 19.70 19.65 19.67  144400
2015-02-18 08:54:59 19.64 19.67 19.62 19.66  131600
2015-02-18 08:59:59 19.58 19.64 19.57 19.63  174200
2015-02-18 09:04:59 19.58 19.63 19.56 19.58  173100
2015-02-18 09:09:59 19.55 19.58 19.54 19.57  229600
2015-02-18 09:14:59 19.60 19.60 19.55 19.56  150600
2015-02-18 09:19:59 19.56 19.61 19.54 19.59  136400
2015-02-18 09:24:59 19.60 19.62 19.54 19.55  246400
2015-02-18 09:29:59 19.58 19.62 19.55 19.60  128900
2015-02-18 09:34:59 19.60 19.60 19.55 19.56  151800
2015-02-18 09:39:59 19.58 19.61 19.58 19.59  105400
2015-02-18 09:44:59 19.59 19.60 19.58 19.59  119300
2015-02-18 09:49:59 19.60 19.60 19.57 19.60  161900
2015-02-18 09:54:59 19.59 19.60 19.57 19.59  133700
2015-02-18 09:59:59 19.59 19.60 19.57 19.58  135600
2015-02-18 10:04:59 19.60 19.63 19.58 19.58  211100
2015-02-18 10:09:59 19.60 19.63 19.58 19.59  129000
2015-02-18 10:14:58 19.56 19.61 19.56 19.59  153300
2015-02-18 10:19:59 19.59 19.59 19.54 19.57  162900
2015-02-18 10:24:58 19.58 19.59 19.54 19.57  182100
2015-02-18 10:29:59 19.55 19.59 19.52 19.59  222500
2015-02-18 10:34:59 19.56 19.57 19.54 19.54  142100
2015-02-18 10:39:59 19.57 19.59 19.54 19.56  158400
2015-02-18 10:44:59 19.53 19.58 19.50 19.58  276800
2015-02-18 10:49:59 19.57 19.57 19.51 19.51  804800
2015-02-18 10:54:59 19.59 19.59 19.50 19.53  198600
2015-02-18 10:59:59 19.52 19.55 19.51 19.54       0
2015-02-18 11:00:00 19.55 19.55 19.55 19.55       0
2015-02-19 04:08:35 19.55 19.55 19.55 19.55       0
2015-02-19 04:19:35 19.32 19.60 19.32 19.42   90400
2015-02-19 04:24:59 19.44 19.48 19.32 19.34   86400
2015-02-19 04:29:56 19.36 19.48 19.34 19.48  103300
2015-02-19 04:34:44 19.34 19.41 19.34 19.36   38100
2015-02-19 04:39:59 19.31 19.40 19.28 19.36  118000
2015-02-19 04:44:56 19.37 19.38 19.30 19.32   29700
2015-02-19 04:49:48 19.41 19.44 19.36 19.37   35300
2015-02-19 04:54:45 19.42 19.46 19.41 19.41   24600
2015-02-19 04:59:47 19.40 19.45 19.35 19.41  116500
2015-02-19 05:04:45 19.36 19.40 19.34 19.40   27200
2015-02-19 05:09:24 19.39 19.40 19.36 19.36   26500
2015-02-19 05:13:18 19.37 19.38 19.36 19.38    7500
2015-02-19 05:19:57 19.36 19.38 19.34 19.37   33300
2015-02-19 05:24:59 19.42 19.42 19.36 19.36   53800
2015-02-19 05:29:57 19.35 19.42 19.34 19.42   64700
2015-02-19 05:33:44 19.36 19.37 19.34 19.35   20800
2015-02-19 05:39:51 19.39 19.41 19.37 19.37   71300
2015-02-19 05:44:55 19.40 19.40 19.37 19.39   28800
2015-02-19 05:49:39 19.40 19.40 19.40 19.40   51900
2015-02-19 05:54:57 19.43 19.43 19.40 19.40   48700
2015-02-19 05:59:47 19.42 19.48 19.40 19.43   95200
2015-02-19 06:04:54 19.44 19.44 19.39 19.42   58300
2015-02-19 06:09:58 19.32 19.45 19.28 19.44  168900
2015-02-19 06:14:29 19.37 19.37 19.31 19.32   45700
2015-02-19 06:19:47 19.39 19.41 19.33 19.35   47300
2015-02-19 06:24:56 19.38 19.39 19.33 19.38   85100
2015-02-19 06:29:59 19.38 19.41 19.37 19.38   33500
2015-02-19 06:34:50 19.35 19.38 19.34 19.38   96800
2015-02-19 06:39:56 19.35 19.36 19.33 19.35  142800
2015-02-19 06:44:50 19.34 19.35 19.33 19.35  176700
2015-02-19 06:49:58 19.17 19.36 19.17 19.36  466300
2015-02-19 06:54:59 19.05 19.17 19.03 19.17  316700
2015-02-19 06:59:58 19.10 19.10 19.01 19.05  300800
2015-02-19 07:04:36 19.12 19.16 19.10 19.10  144600
2015-02-19 07:09:59 19.07 19.11 19.05 19.11  113200
2015-02-19 07:14:51 19.12 19.13 19.06 19.07  121500
2015-02-19 07:19:44 19.02 19.12 19.02 19.12  188400
2015-02-19 07:24:40 19.14 19.17 19.01 19.01  271600
2015-02-19 07:29:59 19.26 19.27 19.13 19.15  271300
2015-02-19 07:34:46 19.22 19.27 19.19 19.26  103200
2015-02-19 07:39:55 19.29 19.29 19.21 19.22   92800
2015-02-19 07:44:47 19.22 19.34 19.21 19.28  124200
2015-02-19 07:49:55 19.23 19.26 19.18 19.22  138600
2015-02-19 07:54:51 19.21 19.24 19.16 19.24   76600
2015-02-19 07:59:26 19.12 19.21 19.10 19.21  144300
2015-02-19 08:04:58 19.14 19.17 19.11 19.12   85200
2015-02-19 08:09:06 19.17 19.19 19.13 19.14   44900
2015-02-19 08:14:58 19.20 19.22 19.17 19.17  170100
2015-02-19 08:19:54 19.17 19.27 19.16 19.19   86200
2015-02-19 08:24:35 19.19 19.19 19.14 19.16   34800
2015-02-19 08:29:59 19.21 19.27 19.20 19.20   74900
2015-02-19 08:34:59 19.24 19.24 19.19 19.22  149500
2015-02-19 08:39:43 19.18 19.24 19.18 19.24  119100
2015-02-19 08:44:59 19.21 19.21 19.15 19.19   63200
2015-02-19 08:49:26 19.21 19.22 19.16 19.22  198900
2015-02-19 08:54:31 19.19 19.22 19.17 19.21   79400
2015-02-19 08:59:49 19.23 19.24 19.20 19.20  159900
2015-02-19 09:04:30 19.19 19.26 19.19 19.24   91200
2015-02-19 09:09:54 19.21 19.22 19.18 19.19   49400
2015-02-19 09:14:55 19.20 19.25 19.20 19.21   57200
2015-02-19 09:19:52 19.17 19.21 19.17 19.21  111400
2015-02-19 09:24:54 19.17 19.19 19.16 19.18   87300
2015-02-19 09:29:43 19.18 19.19 19.15 19.18   82900
2015-02-19 09:34:55 19.19 19.19 19.17 19.18   42400
2015-02-19 09:39:57 19.19 19.22 19.17 19.19   29600
2015-02-19 09:44:50 19.18 19.20 19.17 19.20   55800
2015-02-19 09:49:59 19.17 19.20 19.17 19.18   38900
2015-02-19 09:54:56 19.17 19.18 19.15 19.17   76700
2015-02-19 09:59:59 19.11 19.18 19.11 19.17  103900
2015-02-19 10:04:56 19.11 19.14 19.10 19.11   97700
2015-02-19 10:09:54 19.06 19.11 19.06 19.11  122900
2015-02-19 10:14:57 19.09 19.11 19.06 19.07  143200
2015-02-19 10:19:50 19.07 19.13 19.06 19.10  154800
2015-02-19 10:24:58 19.04 19.07 19.03 19.07  148500
2015-02-19 10:29:59 19.06 19.10 19.02 19.04  162900
2015-02-19 10:34:59 19.09 19.10 19.02 19.06  183700
2015-02-19 10:39:59 19.11 19.15 19.09 19.10  165800
2015-02-19 10:44:59 19.12 19.14 19.10 19.11  127900
2015-02-19 10:49:59 19.15 19.15 19.07 19.13  833500
2015-02-19 10:54:59 19.12 19.15 19.08 19.11  288400
2015-02-19 10:59:59 19.13 19.17 19.13 19.13       0
2015-02-19 11:00:00 19.06 19.06 19.06 19.06       0
2015-02-20 04:10:24 19.06 19.06 19.06 19.06       0
2015-02-20 04:19:16 19.10 19.18 19.08 19.17   41000
2015-02-20 04:23:52 19.11 19.15 19.11 19.14   24100
2015-02-20 04:29:57 19.12 19.13 19.09 19.12   35400
2015-02-20 04:34:59 19.13 19.13 19.10 19.12   11200
2015-02-20 04:39:57 18.96 19.14 18.91 19.14  127500
2015-02-20 04:44:53 19.02 19.02 18.96 18.96   67700
2015-02-20 04:49:48 19.04 19.11 19.00 19.02  135900
2015-02-20 04:54:48 19.07 19.10 19.00 19.04   68600
2015-02-20 04:59:59 19.05 19.09 19.05 19.08   55300
2015-02-20 05:04:54 19.08 19.10 19.05 19.05  117800
2015-02-20 05:09:56 19.09 19.10 19.05 19.06   87400
2015-02-20 05:14:48 19.06 19.14 19.06 19.10   71800
2015-02-20 05:19:59 19.11 19.12 19.06 19.07   47500
2015-02-20 05:24:39 19.13 19.17 19.10 19.11   54100
2015-02-20 05:29:48 19.08 19.14 19.05 19.14   47700
2015-02-20 05:34:57 19.08 19.09 19.05 19.08   61000
2015-02-20 05:39:57 18.99 19.10 18.94 19.09  256500
2015-02-20 05:44:47 18.99 19.03 18.99 19.00   78000
2015-02-20 05:49:59 18.99 19.02 18.96 18.99   83900
2015-02-20 05:54:42 19.03 19.05 18.98 18.99   52000
2015-02-20 05:59:37 19.01 19.05 19.01 19.05   14800
2015-02-20 06:04:47 19.02 19.04 18.98 19.01   63800
2015-02-20 06:09:58 19.03 19.03 19.00 19.01  111000
2015-02-20 06:14:48 19.05 19.06 19.01 19.02   52500
2015-02-20 06:19:39 19.03 19.06 19.02 19.04   42000
2015-02-20 06:24:51 19.03 19.04 19.02 19.02   15000
2015-02-20 06:29:46 19.01 19.06 19.01 19.03   22100
2015-02-20 06:34:55 19.05 19.05 19.00 19.00   10400
2015-02-20 06:39:54 19.06 19.08 19.02 19.05   85400
2015-02-20 06:44:55 19.06 19.09 19.05 19.07   71300
2015-02-20 06:49:59 19.18 19.21 19.04 19.06  467100
2015-02-20 06:54:58 19.16 19.28 19.16 19.20  223600
2015-02-20 06:59:53 19.18 19.19 19.07 19.16  169200
2015-02-20 07:04:47 19.17 19.20 19.14 19.18   93400
2015-02-20 07:09:58 19.10 19.21 19.08 19.18  169200
2015-02-20 07:14:59 19.20 19.23 19.11 19.11   96400
2015-02-20 07:19:51 19.24 19.24 19.16 19.20  111600
2015-02-20 07:24:59 19.31 19.32 19.24 19.24  207500
2015-02-20 07:29:57 19.33 19.35 19.28 19.31  244500
2015-02-20 07:34:56 19.30 19.34 19.28 19.33   66800
2015-02-20 07:39:50 19.33 19.33 19.28 19.30   77400
2015-02-20 07:44:47 19.33 19.34 19.31 19.32   56800
2015-02-20 07:49:49 19.31 19.33 19.29 19.33   69900
2015-02-20 07:54:58 19.25 19.33 19.24 19.31   75400
2015-02-20 07:59:50 19.26 19.28 19.22 19.26   93300
2015-02-20 08:04:54 19.27 19.31 19.26 19.27  160100
2015-02-20 08:09:51 19.24 19.28 19.21 19.27   60400
2015-02-20 08:14:59 19.27 19.28 19.24 19.24   45000
2015-02-20 08:19:58 19.26 19.27 19.22 19.26   45500
2015-02-20 08:24:57 19.27 19.29 19.25 19.26   33000
2015-02-20 08:29:56 19.28 19.31 19.27 19.28   39600
2015-02-20 08:34:55 19.33 19.33 19.27 19.27   50000
2015-02-20 08:39:47 19.38 19.43 19.33 19.33  245600
2015-02-20 08:44:57 19.37 19.40 19.35 19.38   52100
2015-02-20 08:49:59 19.36 19.39 19.35 19.37   62200
2015-02-20 08:54:46 19.38 19.39 19.34 19.35   49800
2015-02-20 08:59:54 19.40 19.42 19.37 19.37  102800
2015-02-20 09:04:56 19.42 19.42 19.37 19.39   77800
2015-02-20 09:09:56 19.42 19.44 19.40 19.42  198500
2015-02-20 09:14:59 19.37 19.42 19.37 19.41  100600
2015-02-20 09:19:50 19.38 19.40 19.37 19.37   53300
2015-02-20 09:24:56 19.36 19.38 19.34 19.38   77700
2015-02-20 09:29:58 19.32 19.36 19.30 19.36  101000
2015-02-20 09:34:59 19.33 19.34 19.32 19.32   21300
2015-02-20 09:39:56 19.29 19.34 19.29 19.34   60000
2015-02-20 09:44:57 19.26 19.30 19.24 19.30   76100
2015-02-20 09:49:53 19.28 19.28 19.23 19.25   47600
2015-02-20 09:54:45 19.31 19.33 19.28 19.28  106600
2015-02-20 09:59:57 19.33 19.34 19.28 19.30  228400
2015-02-20 10:04:54 19.30 19.33 19.30 19.33   92500
2015-02-20 10:09:57 19.29 19.32 19.29 19.31   52700
2015-02-20 10:14:46 19.27 19.30 19.25 19.29  136100
2015-02-20 10:19:55 19.30 19.30 19.27 19.27   65500
2015-02-20 10:24:51 19.35 19.35 19.29 19.29   68400
2015-02-20 10:29:56 19.36 19.40 19.34 19.34  172200
2015-02-20 10:34:59 19.41 19.42 19.35 19.35  129700
2015-02-20 10:39:59 19.38 19.42 19.35 19.41  194900
2015-02-20 10:44:59 19.38 19.39 19.36 19.38   79900
2015-02-20 10:49:54 19.47 19.48 19.36 19.38  550200
2015-02-20 10:54:58 19.52 19.53 19.39 19.40  261200
2015-02-20 10:59:58 19.42 19.48 19.39 19.48       0
2015-02-20 11:00:00 19.45 19.45 19.45 19.45 1400700
2015-02-23 05:10:55 19.45 19.45 19.45 19.45       0
2015-02-23 05:29:59 19.01 19.10 18.98 19.08 1178700
2015-02-23 05:34:58 19.02 19.02 18.98 19.01  349200
2015-02-23 05:39:52 18.99 19.02 18.98 19.02  235600
2015-02-23 05:44:59 19.01 19.03 18.98 19.00  373400
2015-02-23 05:49:51 19.07 19.07 19.00 19.01   96400
2015-02-23 05:54:59 18.96 19.07 18.95 19.06  447200
2015-02-23 05:59:59 18.98 18.99 18.81 18.95  517400
2015-02-23 06:04:45 18.92 18.98 18.90 18.98   65100
2015-02-23 06:09:58 18.92 18.96 18.91 18.92   93000
2015-02-23 06:14:54 18.86 18.91 18.86 18.91  194300
2015-02-23 06:19:58 18.86 18.90 18.84 18.86  214200
2015-02-23 06:24:57 18.88 18.89 18.86 18.86  164900
2015-02-23 06:29:58 18.88 18.89 18.86 18.88   69900
2015-02-23 06:34:49 18.96 18.98 18.89 18.89  179300
2015-02-23 06:39:59 18.95 18.97 18.91 18.97  100800
2015-02-23 06:44:59 18.97 18.98 18.95 18.95  167600
2015-02-23 06:49:59 18.81 18.99 18.80 18.98  891000
2015-02-23 06:54:58 18.65 18.82 18.63 18.81  786300
2015-02-23 06:59:56 18.65 18.68 18.52 18.66  837000
2015-02-23 07:04:59 18.60 18.65 18.57 18.65  278300
2015-02-23 07:09:57 18.69 18.70 18.58 18.61  408600
2015-02-23 07:14:58 18.70 18.71 18.65 18.69  136600
2015-02-23 07:19:59 18.69 18.71 18.66 18.70  174800
2015-02-23 07:24:56 18.62 18.69 18.62 18.69  203600
2015-02-23 07:29:53 18.63 18.64 18.58 18.62  201500
2015-02-23 07:34:54 18.60 18.64 18.58 18.64  123000
2015-02-23 07:39:57 18.63 18.64 18.57 18.60  169300
2015-02-23 07:44:47 18.62 18.66 18.59 18.64   63400
2015-02-23 07:49:59 18.61 18.65 18.60 18.62   59100
2015-02-23 07:54:59 18.64 18.66 18.61 18.61  184800
2015-02-23 07:59:59 18.60 18.64 18.60 18.64   64900
2015-02-23 08:04:54 18.64 18.65 18.59 18.60   98600
2015-02-23 08:09:50 18.65 18.66 18.62 18.64  250900
2015-02-23 08:14:57 18.63 18.67 18.62 18.65   54400
2015-02-23 08:19:55 18.62 18.63 18.61 18.63   52600
2015-02-23 08:24:57 18.67 18.67 18.62 18.62   46800
2015-02-23 08:29:53 18.65 18.67 18.65 18.66   49400
2015-02-23 08:34:59 18.64 18.67 18.64 18.65  128700
2015-02-23 08:39:59 18.65 18.66 18.64 18.64   70600
2015-02-23 08:44:57 18.69 18.70 18.64 18.65   81700
2015-02-23 08:49:57 18.68 18.70 18.68 18.69  122200
2015-02-23 08:54:45 18.66 18.69 18.65 18.68   95900
2015-02-23 08:59:51 18.64 18.67 18.63 18.66  141200
2015-02-23 09:04:57 18.63 18.66 18.62 18.65   99500
2015-02-23 09:09:59 18.62 18.64 18.62 18.64   89800
2015-02-23 09:14:56 18.63 18.63 18.62 18.63   84000
2015-02-23 09:19:58 18.61 18.63 18.61 18.63  135700
2015-02-23 09:24:56 18.59 18.61 18.58 18.61  144700
2015-02-23 09:29:50 18.59 18.60 18.59 18.60   74700
2015-02-23 09:34:51 18.57 18.60 18.56 18.59  132300
2015-02-23 09:39:59 18.56 18.57 18.53 18.57  117100
2015-02-23 09:44:55 18.56 18.57 18.54 18.56  434200
2015-02-23 09:49:55 18.60 18.60 18.56 18.56   86600
2015-02-23 09:54:59 18.60 18.62 18.59 18.61  111200
2015-02-23 09:59:58 18.59 18.60 18.58 18.60   60900
2015-02-23 10:04:52 18.59 18.60 18.56 18.59   80800
2015-02-23 10:09:54 18.64 18.66 18.58 18.59  121700
2015-02-23 10:14:50 18.62 18.64 18.62 18.64   59500
2015-02-23 10:19:46 18.58 18.62 18.57 18.62  115700
2015-02-23 10:24:51 18.55 18.59 18.54 18.58   77900
2015-02-23 10:29:59 18.54 18.57 18.53 18.55   98300
2015-02-23 10:34:59 18.54 18.57 18.53 18.54   89700
2015-02-23 10:39:59 18.56 18.58 18.53 18.54  101600
2015-02-23 10:44:51 18.57 18.58 18.53 18.56  141900
2015-02-23 10:49:59 18.68 18.68 18.57 18.58  222000
2015-02-23 10:54:59 18.70 18.71 18.67 18.68  215900
2015-02-23 10:59:59 18.67 18.73 18.66 18.69  167100
2015-02-23 11:04:59 18.66 18.68 18.63 18.67  169700
2015-02-23 11:09:59 18.63 18.66 18.61 18.65  113900
2015-02-23 11:14:59 18.66 18.66 18.61 18.63   77900
2015-02-23 11:19:59 18.65 18.70 18.63 18.65  137000
2015-02-23 11:24:59 18.63 18.67 18.62 18.65   76600
2015-02-23 11:29:59 18.65 18.65 18.62 18.63   42100
2015-02-23 11:34:59 18.64 18.66 18.64 18.65   75400
2015-02-23 11:39:59 18.64 18.65 18.62 18.64  100900
2015-02-23 11:44:59 18.63 18.64 18.62 18.63   98800
2015-02-23 11:49:59 18.63 18.65 18.58 18.63  695800
2015-02-23 11:54:59 18.65 18.65 18.57 18.59  106200
2015-02-23 11:59:59 18.63 18.65 18.59 18.59       0
2015-02-23 12:00:00 18.75 18.75 18.75 18.75       0
2015-02-24 05:19:53 18.92 18.96 18.90 18.95  342300
2015-02-24 05:24:59 18.86 18.97 18.83 18.92  307300
2015-02-24 05:29:55 18.84 18.90 18.83 18.85  186500
2015-02-24 05:34:59 18.85 18.87 18.84 18.84   95100
2015-02-24 05:39:55 18.81 18.86 18.80 18.85  254600
2015-02-24 05:44:58 18.80 18.82 18.77 18.81  188400
2015-02-24 05:49:59 18.85 18.86 18.78 18.80  114800
2015-02-24 05:54:57 18.87 18.87 18.84 18.86   63100
2015-02-24 05:59:44 18.90 18.92 18.86 18.87   74700
2015-02-24 06:04:56 18.86 18.90 18.84 18.89   62600
2015-02-24 06:09:50 18.86 18.87 18.81 18.87   61400
2015-02-24 06:14:54 18.86 18.87 18.85 18.86   39700
2015-02-24 06:19:59 18.83 18.86 18.81 18.85  180000
2015-02-24 06:24:47 18.81 18.84 18.81 18.83   15300
2015-02-24 06:29:58 18.81 18.83 18.78 18.81   96200
2015-02-24 06:34:58 18.81 18.81 18.78 18.81   28100
2015-02-24 06:39:40 18.78 18.81 18.73 18.80  109700
2015-02-24 06:44:54 18.76 18.78 18.74 18.78   84300
2015-02-24 06:49:41 18.80 18.84 18.76 18.76  235400
2015-02-24 06:54:59 18.84 18.86 18.80 18.80  122500
2015-02-24 06:59:38 18.88 18.88 18.80 18.83   82200
2015-02-24 07:04:59 18.89 18.93 18.88 18.88  162800
2015-02-24 07:09:54 18.93 18.93 18.88 18.89   97900
2015-02-24 07:14:57 18.89 18.92 18.87 18.92   41900
2015-02-24 07:19:42 18.82 18.88 18.78 18.88  272500
2015-02-24 07:24:48 18.86 18.90 18.81 18.81   96400
2015-02-24 07:29:59 18.90 18.90 18.84 18.86   59900
2015-02-24 07:34:53 18.91 18.92 18.85 18.90   75000
2015-02-24 07:39:56 18.93 18.95 18.89 18.91  116600
2015-02-24 07:44:54 18.96 18.99 18.92 18.92  172900
2015-02-24 07:49:50 19.03 19.07 18.99 18.99  433200
2015-02-24 07:54:59 19.15 19.18 19.03 19.05  535100
2015-02-24 07:59:59 19.20 19.20 19.12 19.15  540600
2015-02-24 08:04:48 19.21 19.25 19.19 19.19  210500
2015-02-24 08:09:46 19.19 19.22 19.17 19.21  162200
2015-02-24 08:14:51 19.12 19.18 19.09 19.18  165800
2015-02-24 08:19:51 19.10 19.14 19.09 19.13  117000
2015-02-24 08:24:59 19.12 19.15 19.09 19.10  141800
2015-02-24 08:29:58 19.10 19.12 19.08 19.12  217100
2015-02-24 08:34:55 19.09 19.12 19.07 19.08  263600
2015-02-24 08:39:55 19.08 19.09 19.05 19.08  102400
2015-02-24 08:44:53 19.12 19.13 19.08 19.09   64300
2015-02-24 08:49:51 19.12 19.13 19.11 19.13   16900
2015-02-24 08:54:59 19.15 19.16 19.11 19.12   89900
2015-02-24 08:59:50 19.18 19.18 19.14 19.16   52600
2015-02-24 09:04:51 19.18 19.20 19.16 19.16   55000
2015-02-24 09:09:54 19.19 19.20 19.16 19.18   92400
2015-02-24 09:14:54 19.22 19.23 19.19 19.19  103700
2015-02-24 09:19:58 19.16 19.21 19.16 19.21   99100
2015-02-24 09:24:56 19.15 19.19 19.15 19.15  111200
2015-02-24 09:29:47 19.18 19.19 19.15 19.16   50800
2015-02-24 09:34:47 19.16 19.18 19.15 19.18   24200
2015-02-24 09:39:56 19.19 19.19 19.15 19.15   39900
2015-02-24 09:44:53 19.18 19.20 19.18 19.18   77100
2015-02-24 09:49:52 19.15 19.19 19.14 19.19   68200
2015-02-24 09:54:53 19.15 19.19 19.14 19.14  109400
2015-02-24 09:59:59 19.14 19.16 19.12 19.14  119700
2015-02-24 10:04:48 19.12 19.15 19.12 19.14  102100
2015-02-24 10:09:34 19.12 19.18 19.11 19.12  318200
2015-02-24 10:14:57 19.16 19.17 19.11 19.11   62100
2015-02-24 10:19:55 19.17 19.20 19.15 19.16   93000
2015-02-24 10:24:49 19.20 19.20 19.17 19.18   41000
2015-02-24 10:29:49 19.20 19.21 19.19 19.19   39000
2015-02-24 10:34:52 19.19 19.21 19.18 19.20   44100
2015-02-24 10:39:58 19.19 19.19 19.17 19.19   76600
2015-02-24 10:44:49 19.20 19.20 19.18 19.19   61200
2015-02-24 10:49:52 19.20 19.20 19.18 19.20   80700
2015-02-24 10:54:50 19.20 19.20 19.19 19.20   53600
2015-02-24 10:59:55 19.18 19.20 19.17 19.19   86900
2015-02-24 11:04:59 19.18 19.19 19.16 19.18   83900
2015-02-24 11:09:56 19.18 19.19 19.16 19.18   71100
2015-02-24 11:14:59 19.17 19.19 19.16 19.18   64200
2015-02-24 11:19:59 19.16 19.18 19.14 19.17  104700
2015-02-24 11:24:58 19.14 19.16 19.10 19.15  117900
2015-02-24 11:29:59 19.16 19.16 19.12 19.14   57800
2015-02-24 11:34:59 19.13 19.16 19.12 19.16  113200
2015-02-24 11:39:52 19.15 19.17 19.13 19.15  155300
2015-02-24 11:44:58 19.17 19.19 19.16 19.16  105100
2015-02-24 11:49:57 19.12 19.19 19.11 19.17  651600
2015-02-24 11:54:58 19.11 19.17 19.08 19.16   91500
2015-02-24 11:59:57 19.12 19.17 19.11 19.16       0
2015-02-24 12:00:00 19.14 19.14 19.14 19.14       0
2015-02-25 05:00:09 19.14 19.14 19.14 19.14       0
2015-02-25 05:06:24 19.14 19.14 19.14 19.14       0
2015-02-25 05:19:58 18.97 19.00 18.88 18.88  104200
2015-02-25 05:24:57 18.92 19.00 18.91 18.97   66700
2015-02-25 05:29:47 19.05 19.06 18.91 18.94  228800
2015-02-25 05:34:54 19.07 19.22 19.04 19.04  261300
2015-02-25 05:39:43 19.09 19.14 19.06 19.06   94800
2015-02-25 05:44:42 19.10 19.10 19.06 19.09   16800
2015-02-25 05:49:56 19.06 19.09 19.04 19.09   52300
2015-02-25 05:54:56 19.02 19.06 19.01 19.06   33800
2015-02-25 05:59:38 19.02 19.04 18.99 19.02   75000
2015-02-25 06:04:59 19.00 19.02 19.00 19.01   52900
2015-02-25 06:09:55 19.03 19.06 19.00 19.00   73700
2015-02-25 06:14:46 19.06 19.06 19.03 19.03   14200
2015-02-25 06:19:49 19.03 19.07 19.03 19.06   41200
2015-02-25 06:24:58 19.03 19.04 19.02 19.03   42300
2015-02-25 06:29:49 19.02 19.04 19.02 19.03   30300
2015-02-25 06:34:59 18.95 19.03 18.95 18.98  160400
2015-02-25 06:39:59 19.04 19.04 18.96 18.96   34800
2015-02-25 06:44:58 19.01 19.04 19.00 19.04   35200
2015-02-25 06:49:59 19.03 19.09 18.96 19.02  185000
2015-02-25 06:54:55 19.11 19.13 19.02 19.03  117500
2015-02-25 06:59:58 19.09 19.14 19.03 19.10  178900
2015-02-25 07:04:40 19.08 19.08 19.04 19.08   58900
2015-02-25 07:09:59 19.03 19.10 19.01 19.08   64900
2015-02-25 07:14:52 19.01 19.06 19.00 19.03  112800
2015-02-25 07:19:59 19.11 19.15 19.01 19.01  181500
2015-02-25 07:24:58 19.11 19.12 19.06 19.10  103600
2015-02-25 07:29:35 19.10 19.14 19.08 19.11   86700
2015-02-25 07:34:57 19.11 19.13 19.07 19.08   30800
2015-02-25 07:39:45 19.13 19.14 19.10 19.10   36600
2015-02-25 07:44:50 19.10 19.13 19.10 19.12   20200
2015-02-25 07:49:57 19.13 19.15 19.08 19.10   72400
2015-02-25 07:54:52 19.11 19.15 19.08 19.12   60900
2015-02-25 07:59:58 19.10 19.14 19.10 19.11   89600
2015-02-25 08:04:56 19.09 19.13 19.08 19.11   65100
2015-02-25 08:09:57 19.12 19.14 19.08 19.09   79500
2015-02-25 08:14:45 19.13 19.14 19.11 19.12   57800
2015-02-25 08:19:49 19.14 19.15 19.11 19.13   76900
2015-02-25 08:24:55 19.09 19.15 19.09 19.14   60600
2015-02-25 08:29:59 19.13 19.15 19.09 19.10   55900
2015-02-25 08:34:59 19.10 19.17 19.09 19.13   92500
2015-02-25 08:39:59 19.11 19.13 19.08 19.09   56300
2015-02-25 08:44:59 19.12 19.16 19.11 19.11   67000
2015-02-25 08:49:59 19.12 19.13 19.11 19.12   46400
2015-02-25 08:54:59 19.12 19.14 19.11 19.12   58300
2015-02-25 08:59:59 19.09 19.12 19.09 19.12   32000
2015-02-25 09:04:57 19.14 19.15 19.09 19.09   83400
2015-02-25 09:09:58 19.14 19.17 19.13 19.13  135900
2015-02-25 09:14:59 19.14 19.17 19.13 19.14   53100
2015-02-25 09:19:59 19.13 19.15 19.11 19.14   56400
2015-02-25 09:24:58 19.11 19.14 19.11 19.13   37000
2015-02-25 09:29:52 19.11 19.13 19.10 19.11   70800
2015-02-25 09:34:58 19.10 19.13 19.10 19.10   58300
2015-02-25 09:39:51 19.09 19.11 19.06 19.10   61100
2015-02-25 09:44:58 19.07 19.09 19.06 19.08   59200
2015-02-25 09:49:43 19.10 19.12 19.07 19.07   83900
2015-02-25 09:54:59 19.10 19.11 19.09 19.09   47800
2015-02-25 09:59:58 19.04 19.11 19.04 19.10   73800
2015-02-25 10:04:59 19.02 19.04 18.99 19.04  185800
2015-02-25 10:09:59 19.04 19.06 19.01 19.02  121600
2015-02-25 10:14:57 19.04 19.05 19.02 19.03  118500
2015-02-25 10:19:55 19.06 19.09 19.03 19.04   99700
2015-02-25 10:24:54 19.03 19.07 19.02 19.07   88500
2015-02-25 10:29:59 19.05 19.05 19.00 19.03   92200
2015-02-25 10:34:57 19.05 19.06 19.03 19.05   81600
2015-02-25 10:39:57 19.02 19.05 19.02 19.04   34900
2015-02-25 10:44:58 19.05 19.05 19.00 19.02  108200
2015-02-25 10:49:54 19.10 19.12 19.03 19.04  132000
2015-02-25 10:54:58 19.09 19.12 19.09 19.11   51600
2015-02-25 10:59:59 19.12 19.14 19.09 19.10   83000
2015-02-25 11:04:44 19.13 19.16 19.12 19.13  159000
2015-02-25 11:09:54 19.14 19.15 19.12 19.14   80000
2015-02-25 11:14:56 19.14 19.15 19.12 19.14  114600
2015-02-25 11:19:59 19.15 19.18 19.13 19.13   82300
2015-02-25 11:24:59 19.16 19.17 19.14 19.17  117100
2015-02-25 11:29:58 19.18 19.20 19.16 19.16  167300
2015-02-25 11:34:55 19.15 19.20 19.15 19.18   85700
2015-02-25 11:39:59 19.11 19.15 19.09 19.15   77800
2015-02-25 11:44:53 19.13 19.14 19.11 19.11   43800
2015-02-25 11:49:57 19.13 19.17 19.12 19.14  724000
2015-02-25 11:54:58 19.15 19.16 19.11 19.16  131900
2015-02-25 11:59:58 19.14 19.15 19.12 19.12       0
2015-02-25 12:00:00 19.14 19.14 19.14 19.14       0
2015-02-26 05:07:23 19.14 19.14 19.14 19.14       0
2015-02-26 05:24:59 18.89 18.95 18.86 18.87 1039400
2015-02-26 05:29:55 18.81 18.90 18.73 18.89 1066500
2015-02-26 05:34:46 18.82 18.85 18.77 18.81  146600
2015-02-26 05:39:53 18.81 18.83 18.79 18.81   54400
2015-02-26 05:44:47 18.84 18.86 18.81 18.83  247500
2015-02-26 05:49:57 18.77 18.84 18.77 18.84  284800
2015-02-26 05:54:59 18.71 18.78 18.70 18.77  285700
2015-02-26 05:59:59 18.71 18.73 18.70 18.71  164500
2015-02-26 06:04:58 18.68 18.72 18.66 18.71  217400
2015-02-26 06:09:53 18.63 18.69 18.63 18.68  375600
2015-02-26 06:14:57 18.67 18.69 18.63 18.64  206500
2015-02-26 06:19:59 18.66 18.68 18.65 18.66  298900
2015-02-26 06:24:59 18.64 18.67 18.63 18.67  127800
2015-02-26 06:29:58 18.61 18.65 18.60 18.64  346100
2015-02-26 06:34:58 18.60 18.61 18.58 18.61  316300
2015-02-26 06:39:57 18.59 18.60 18.59 18.60  120400
2015-02-26 06:44:58 18.54 18.60 18.51 18.60  557100
2015-02-26 06:49:57 18.54 18.59 18.50 18.52  736200
2015-02-26 06:54:58 18.50 18.55 18.43 18.53  720700
2015-02-26 06:59:56 18.45 18.52 18.40 18.51  807500
2015-02-26 07:04:59 18.34 18.48 18.31 18.45  881600
2015-02-26 07:09:51 18.37 18.40 18.33 18.34  425800
2015-02-26 07:14:59 18.18 18.38 18.13 18.36 1578700
2015-02-26 07:19:57 18.23 18.24 18.18 18.18  328300
2015-02-26 07:24:57 18.26 18.29 18.23 18.23  546200
2015-02-26 07:29:59 18.26 18.28 18.24 18.27  278500
2015-02-26 07:34:57 18.23 18.30 18.23 18.26  290700
2015-02-26 07:39:52 18.25 18.25 18.22 18.22  140800
2015-02-26 07:44:57 18.18 18.25 18.18 18.24  389200
2015-02-26 07:49:59 18.20 18.22 18.16 18.19  191800
2015-02-26 07:54:57 18.29 18.29 18.20 18.20  220600
2015-02-26 07:59:59 18.31 18.32 18.28 18.28  142400
2015-02-26 08:04:58 18.31 18.32 18.30 18.31   64800
2015-02-26 08:09:59 18.33 18.34 18.31 18.31  108200
2015-02-26 08:14:54 18.38 18.39 18.33 18.33  120600
2015-02-26 08:19:59 18.38 18.40 18.35 18.38  166100
2015-02-26 08:24:51 18.43 18.43 18.38 18.38  125700
2015-02-26 08:29:52 18.37 18.42 18.37 18.42  109300
2015-02-26 08:34:53 18.38 18.38 18.32 18.37  221500
2015-02-26 08:39:56 18.41 18.42 18.37 18.37   86900
2015-02-26 08:44:46 18.42 18.42 18.40 18.41   30100
2015-02-26 08:49:58 18.42 18.47 18.41 18.41  168300
2015-02-26 08:54:50 18.47 18.49 18.42 18.42  230100
2015-02-26 08:59:57 18.47 18.49 18.44 18.46  137000
2015-02-26 09:04:52 18.44 18.47 18.43 18.46   71900
2015-02-26 09:09:59 18.43 18.45 18.43 18.44   72300
2015-02-26 09:14:49 18.40 18.43 18.38 18.43  101100
2015-02-26 09:19:59 18.38 18.39 18.35 18.39  116200
2015-02-26 09:24:57 18.41 18.44 18.38 18.38   57200
2015-02-26 09:29:54 18.44 18.45 18.41 18.41   53200
2015-02-26 09:34:52 18.43 18.45 18.43 18.44   62600
2015-02-26 09:39:59 18.46 18.47 18.42 18.42  130300
2015-02-26 09:44:59 18.45 18.48 18.45 18.46   53500
2015-02-26 09:49:59 18.44 18.47 18.44 18.45  118100
2015-02-26 09:54:57 18.45 18.46 18.43 18.44   73200
2015-02-26 09:59:48 18.47 18.49 18.45 18.45  103300
2015-02-26 10:04:57 18.42 18.46 18.42 18.46  201100
2015-02-26 10:09:58 18.41 18.46 18.41 18.42  188100
2015-02-26 10:14:47 18.39 18.42 18.38 18.41  127300
2015-02-26 10:19:56 18.43 18.44 18.39 18.39  104000
2015-02-26 10:24:59 18.42 18.44 18.41 18.42   63700
2015-02-26 10:29:56 18.42 18.45 18.41 18.42   92700
2015-02-26 10:34:57 18.40 18.43 18.40 18.42   86700
2015-02-26 10:39:58 18.37 18.41 18.34 18.41  240000
2015-02-26 10:44:59 18.43 18.43 18.37 18.37  221000
2015-02-26 10:49:56 18.42 18.43 18.41 18.41   80700
2015-02-26 10:54:57 18.42 18.44 18.41 18.42   63600
2015-02-26 10:59:58 18.44 18.44 18.41 18.42   45300
2015-02-26 11:04:59 18.45 18.45 18.42 18.44  189300
2015-02-26 11:09:59 18.45 18.47 18.43 18.45  164800
2015-02-26 11:14:59 18.46 18.48 18.45 18.45  119500
2015-02-26 11:19:56 18.46 18.48 18.44 18.46  161800
2015-02-26 11:24:58 18.46 18.50 18.45 18.46  160400
2015-02-26 11:29:59 18.50 18.52 18.47 18.47  192000
2015-02-26 11:34:53 18.50 18.54 18.46 18.50  231900
2015-02-26 11:39:57 18.52 18.53 18.49 18.50  130900
2015-02-26 11:44:52 18.52 18.53 18.51 18.52   59400
2015-02-26 11:49:57 18.45 18.53 18.42 18.52  791300
2015-02-26 11:54:58 18.46 18.49 18.41 18.47  262100
2015-02-26 11:59:55 18.44 18.45 18.42 18.43       0
2015-02-26 12:00:00 18.40 18.40 18.40 18.40       0
2015-02-27 05:19:54 18.49 18.50 18.40 18.40   84100
2015-02-27 05:24:59 18.52 18.60 18.49 18.49  127000
2015-02-27 05:29:48 18.33 18.50 18.32 18.50  141000
2015-02-27 05:34:51 18.35 18.40 18.33 18.34   73500
2015-02-27 05:39:55 18.38 18.39 18.35 18.35   63900
2015-02-27 05:44:56 18.38 18.39 18.36 18.39   63200
2015-02-27 05:49:58 18.55 18.56 18.37 18.37  178100
2015-02-27 05:54:57 18.58 18.65 18.53 18.54  526700
2015-02-27 05:59:54 18.50 18.57 18.49 18.57  294400
2015-02-27 06:04:50 18.43 18.50 18.40 18.50  363500
2015-02-27 06:09:59 18.45 18.45 18.39 18.44  123100
2015-02-27 06:14:30 18.50 18.52 18.42 18.45  264100
2015-02-27 06:19:59 18.49 18.50 18.42 18.49  100300
2015-02-27 06:24:58 18.41 18.50 18.39 18.49  212200
2015-02-27 06:29:58 18.38 18.41 18.36 18.41  123700
2015-02-27 06:34:52 18.40 18.41 18.37 18.38   49900
2015-02-27 06:39:56 18.43 18.43 18.40 18.40   40900
2015-02-27 06:44:59 18.38 18.44 18.37 18.43  155900
2015-02-27 06:49:53 18.44 18.51 18.37 18.40  296700
2015-02-27 06:54:56 18.49 18.52 18.44 18.44  289900
2015-02-27 06:59:57 18.53 18.53 18.46 18.48  168300
2015-02-27 07:04:43 18.53 18.55 18.50 18.51  185600
2015-02-27 07:09:53 18.53 18.55 18.51 18.53   48400
2015-02-27 07:14:51 18.54 18.58 18.53 18.53   91600
2015-02-27 07:19:44 18.55 18.58 18.53 18.54  153800
2015-02-27 07:24:59 18.61 18.62 18.54 18.55  292200
2015-02-27 07:29:52 18.55 18.61 18.54 18.61   71800
2015-02-27 07:34:58 18.46 18.58 18.46 18.56  104900
2015-02-27 07:39:55 18.46 18.47 18.43 18.47   99800
2015-02-27 07:44:54 18.52 18.53 18.44 18.44   95100
2015-02-27 07:49:42 18.55 18.55 18.52 18.52   42500
2015-02-27 07:54:22 18.55 18.58 18.54 18.55   57100
2015-02-27 07:59:56 18.53 18.56 18.49 18.55  156400
2015-02-27 08:04:58 18.50 18.53 18.48 18.53   90400
2015-02-27 08:09:59 18.49 18.51 18.48 18.50  155700
2015-02-27 08:14:55 18.51 18.51 18.46 18.49  128500
2015-02-27 08:19:41 18.48 18.51 18.47 18.51  131600
2015-02-27 08:24:58 18.46 18.51 18.45 18.48   98400
2015-02-27 08:29:59 18.51 18.51 18.43 18.45  245800
2015-02-27 08:34:59 18.48 18.51 18.48 18.51  224500
2015-02-27 08:39:52 18.48 18.49 18.45 18.47  126500
2015-02-27 08:44:53 18.48 18.50 18.47 18.49   37800
2015-02-27 08:49:54 18.51 18.53 18.47 18.47  111300
2015-02-27 08:54:55 18.52 18.55 18.51 18.51  145400
2015-02-27 08:59:48 18.56 18.57 18.51 18.51   63900
2015-02-27 09:04:58 18.55 18.56 18.54 18.56   97900
2015-02-27 09:09:58 18.56 18.57 18.54 18.55   46300
2015-02-27 09:14:52 18.58 18.59 18.55 18.56  125600
2015-02-27 09:19:56 18.58 18.59 18.57 18.58   66800
2015-02-27 09:24:52 18.60 18.60 18.56 18.57  120400
2015-02-27 09:29:49 18.58 18.59 18.57 18.59   42300
2015-02-27 09:34:58 18.59 18.60 18.58 18.59   82100
2015-02-27 09:39:53 18.58 18.60 18.57 18.58   39700
2015-02-27 09:44:57 18.51 18.59 18.51 18.58  120300
2015-02-27 09:49:55 18.51 18.54 18.50 18.52   56900
2015-02-27 09:54:54 18.52 18.54 18.50 18.51   37800
2015-02-27 09:59:14 18.53 18.54 18.51 18.53   37200
2015-02-27 10:04:56 18.53 18.54 18.50 18.52   53400
2015-02-27 10:09:52 18.54 18.56 18.53 18.53  107900
2015-02-27 10:14:54 18.54 18.55 18.53 18.55   32300
2015-02-27 10:19:56 18.51 18.55 18.51 18.54   63400
2015-02-27 10:24:59 18.59 18.60 18.51 18.51  124700
2015-02-27 10:29:56 18.57 18.59 18.57 18.58   99000
2015-02-27 10:34:59 18.51 18.60 18.51 18.58  240200
2015-02-27 10:39:57 18.50 18.51 18.45 18.50  153700
2015-02-27 10:44:57 18.57 18.57 18.48 18.50   60400
2015-02-27 10:49:56 18.58 18.58 18.53 18.56  132200
2015-02-27 10:54:48 18.55 18.58 18.54 18.58  117300
2015-02-27 10:59:57 18.56 18.57 18.53 18.55   77700
2015-02-27 11:04:48 18.58 18.58 18.54 18.56   86600
2015-02-27 11:09:52 18.58 18.60 18.56 18.57  143300
2015-02-27 11:14:57 18.57 18.59 18.55 18.58   85700
2015-02-27 11:19:59 18.51 18.57 18.51 18.57  196400
2015-02-27 11:24:55 18.49 18.53 18.46 18.52  115700
2015-02-27 11:29:58 18.54 18.55 18.48 18.49  131200
2015-02-27 11:34:58 18.57 18.58 18.52 18.53  110000
2015-02-27 11:39:58 18.58 18.59 18.56 18.57  124500
2015-02-27 11:44:58 18.58 18.59 18.55 18.58   89600
2015-02-27 11:49:58 18.58 18.58 18.53 18.58 1009800
2015-02-27 11:54:59 18.61 18.61 18.48 18.53  341200
2015-02-27 11:59:58 18.54 18.54 18.49 18.50       0
2015-02-27 12:00:00 18.51 18.51 18.51 18.51 2027100
2015-03-02 05:19:54 18.35 18.41 18.34 18.40       0
2015-03-02 05:24:58 18.24 18.39 18.22 18.39  376000
2015-03-02 05:29:58 18.36 18.44 18.29 18.30  153100
2015-03-02 05:34:55 18.40 18.43 18.35 18.38  101000
2015-03-02 05:39:56 18.36 18.40 18.35 18.40   59900
2015-03-02 05:44:58 18.39 18.41 18.35 18.36   79300
2015-03-02 05:49:56 18.40 18.40 18.38 18.38   36900
2015-03-02 05:54:56 18.41 18.41 18.37 18.40   84700
2015-03-02 05:59:55 18.41 18.43 18.40 18.41   80700
2015-03-02 06:04:55 18.44 18.45 18.38 18.41   91400
2015-03-02 06:09:51 18.42 18.44 18.36 18.44  234400
2015-03-02 06:14:47 18.38 18.42 18.38 18.42   62100
2015-03-02 06:19:54 18.35 18.39 18.35 18.38   50300
2015-03-02 06:24:45 18.38 18.40 18.35 18.35   71400
2015-03-02 06:29:57 18.41 18.41 18.38 18.39   63900
2015-03-02 06:34:52 18.40 18.42 18.39 18.41   37000
2015-03-02 06:39:57 18.34 18.40 18.32 18.40   91100
2015-03-02 06:44:54 18.34 18.35 18.33 18.34   18200
2015-03-02 06:49:58 18.29 18.34 18.25 18.34  375200
2015-03-02 06:54:58 18.26 18.29 18.26 18.29  157000
2015-03-02 06:59:58 18.21 18.26 18.15 18.26  409300
2015-03-02 07:04:56 18.15 18.22 18.13 18.21  311800
2015-03-02 07:09:59 18.10 18.16 18.08 18.16  316900
2015-03-02 07:14:57 18.11 18.14 18.05 18.09  226100
2015-03-02 07:19:55 18.08 18.12 18.05 18.10  275300
2015-03-02 07:24:55 18.11 18.14 18.09 18.09  316800
2015-03-02 07:29:55 18.07 18.16 18.07 18.12  146400
2015-03-02 07:34:55 18.10 18.10 18.05 18.07  520200
2015-03-02 07:39:49 18.09 18.09 18.05 18.09  270300
2015-03-02 07:44:56 18.08 18.13 18.07 18.09   81100
2015-03-02 07:49:53 18.08 18.09 18.05 18.09  102100
2015-03-02 07:54:56 18.00 18.08 18.00 18.07  351100
2015-03-02 07:59:58 18.00 18.02 17.99 18.01  158200
2015-03-02 08:04:59 18.06 18.10 17.99 18.00  238200
2015-03-02 08:09:58 18.04 18.07 18.04 18.05   67400
2015-03-02 08:14:59 18.05 18.05 18.03 18.04   41400
2015-03-02 08:19:59 18.04 18.05 18.03 18.04   92400
2015-03-02 08:24:59 18.02 18.06 18.02 18.04   87100
2015-03-02 08:29:59 17.99 18.04 17.99 18.02  101400
2015-03-02 08:34:59 18.01 18.01 17.98 17.99   67000
2015-03-02 08:39:59 18.01 18.02 18.00 18.01   38400
2015-03-02 08:44:58 17.98 18.01 17.98 18.00   62500
2015-03-02 08:49:58 17.98 17.99 17.97 17.98   80800
2015-03-02 08:54:58 17.95 17.99 17.95 17.98  123900
2015-03-02 08:59:49 17.96 17.97 17.95 17.95   58400
2015-03-02 09:04:48 17.97 17.98 17.96 17.96   78000
2015-03-02 09:09:52 18.00 18.01 17.97 17.97   62400
2015-03-02 09:14:45 18.04 18.05 18.00 18.00   76500
2015-03-02 09:19:53 17.98 18.06 17.98 18.05  123600
2015-03-02 09:24:59 17.98 18.00 17.97 17.98   99700
2015-03-02 09:29:57 17.94 17.98 17.94 17.97  101400
2015-03-02 09:34:50 17.94 17.95 17.93 17.94   46600
2015-03-02 09:39:59 17.94 17.95 17.92 17.94  118600
2015-03-02 09:44:55 17.94 17.95 17.93 17.93   55400
2015-03-02 09:49:56 17.93 17.93 17.91 17.93  103300
2015-03-02 09:54:59 17.94 17.94 17.91 17.92   92600
2015-03-02 09:59:54 17.94 17.95 17.93 17.93   51600
2015-03-02 10:04:52 17.93 17.95 17.92 17.94  155400
2015-03-02 10:09:53 17.96 17.97 17.91 17.93  261500
2015-03-02 10:14:57 17.95 17.96 17.94 17.96   53800
2015-03-02 10:19:45 17.94 17.97 17.94 17.95   86300
2015-03-02 10:24:59 17.96 17.96 17.93 17.95   72000
2015-03-02 10:29:40 17.92 17.95 17.91 17.95   78800
2015-03-02 10:34:58 17.91 17.93 17.91 17.93  113000
2015-03-02 10:39:59 17.89 17.92 17.87 17.91  278300
2015-03-02 10:44:45 17.88 17.90 17.87 17.89   70300
2015-03-02 10:49:58 17.90 17.91 17.88 17.88   66900
2015-03-02 10:54:52 17.95 17.96 17.90 17.90  134200
2015-03-02 10:59:59 17.88 17.96 17.88 17.95   70600
2015-03-02 11:04:59 17.86 17.90 17.86 17.88  172300
2015-03-02 11:09:59 17.86 17.87 17.85 17.86  120500
2015-03-02 11:14:58 17.86 17.87 17.83 17.86  148400
2015-03-02 11:19:58 17.88 17.91 17.86 17.86   88900
2015-03-02 11:24:56 17.93 17.93 17.87 17.88  106500
2015-03-02 11:29:59 17.91 17.92 17.90 17.92   39100
2015-03-02 11:34:57 17.93 17.93 17.90 17.91   95000
2015-03-02 11:39:57 17.92 17.98 17.90 17.93  161000
2015-03-02 11:44:59 17.86 17.92 17.86 17.91  149300
2015-03-02 11:49:53 17.89 17.89 17.82 17.86  756100
2015-03-02 11:54:59 17.91 17.91 17.81 17.83  177700
2015-03-02 11:59:59 17.84 17.86 17.82 17.82       0
2015-03-02 12:00:00 17.93 17.93 17.93 17.93       0
2015-03-03 05:09:59 17.93 17.93 17.93 17.93       0
2015-03-03 05:19:57 18.10 18.14 18.02 18.02  231700
2015-03-03 05:24:59 18.04 18.11 18.04 18.07  347600
2015-03-03 05:29:57 17.94 18.05 17.92 18.04  282300
2015-03-03 05:34:47 17.99 18.03 17.95 17.95  122800
2015-03-03 05:39:51 17.98 18.01 17.97 17.99   72000
2015-03-03 05:44:44 18.00 18.00 17.98 17.98   25000
2015-03-03 05:49:48 18.00 18.03 17.99 17.99   63400
2015-03-03 05:54:42 17.98 17.99 17.94 17.99  110600
2015-03-03 05:59:38 17.96 17.98 17.95 17.97   22100
2015-03-03 06:04:56 18.05 18.08 17.96 17.96  124400
2015-03-03 06:09:50 18.01 18.05 18.01 18.04   76300
2015-03-03 06:14:56 18.00 18.02 17.99 18.01   58800
2015-03-03 06:19:58 18.00 18.00 17.99 17.99   19200
2015-03-03 06:24:58 17.98 18.00 17.97 18.00   55000
2015-03-03 06:29:56 17.99 18.00 17.97 17.98   57800
2015-03-03 06:34:59 17.97 17.99 17.97 17.98   45900
2015-03-03 06:39:59 17.98 17.99 17.97 17.98   57900
2015-03-03 06:44:55 17.99 17.99 17.95 17.98  165500
2015-03-03 06:49:55 18.01 18.05 17.99 18.01  172800
2015-03-03 06:54:54 18.03 18.07 18.01 18.01  141700
2015-03-03 06:59:59 18.06 18.09 18.02 18.04  232700
2015-03-03 07:04:49 18.09 18.10 18.04 18.05  209600
2015-03-03 07:09:57 18.10 18.18 18.08 18.08  372600
2015-03-03 07:14:54 18.16 18.22 18.10 18.10  290400
2015-03-03 07:19:59 18.25 18.25 18.16 18.17  325800
2015-03-03 07:24:58 18.28 18.28 18.22 18.25  320100
2015-03-03 07:29:57 18.23 18.28 18.22 18.27  349900
2015-03-03 07:34:58 18.25 18.25 18.18 18.24  204500
2015-03-03 07:39:58 18.25 18.27 18.24 18.25   62900
2015-03-03 07:44:37 18.24 18.26 18.22 18.25  323800
2015-03-03 07:49:55 18.20 18.24 18.19 18.23  176000
2015-03-03 07:54:59 18.21 18.22 18.19 18.19   86700
2015-03-03 07:59:59 18.20 18.23 18.19 18.21  145500
2015-03-03 08:04:59 18.15 18.21 18.14 18.20  117800
2015-03-03 08:09:52 18.13 18.16 18.13 18.14  124900
2015-03-03 08:14:57 18.10 18.15 18.08 18.13  377000
2015-03-03 08:19:59 18.12 18.15 18.09 18.09   99400
2015-03-03 08:24:59 18.10 18.15 18.10 18.12  380700
2015-03-03 08:29:58 18.06 18.12 18.06 18.10  217300
2015-03-03 08:34:56 18.09 18.10 18.06 18.06  200100
2015-03-03 08:39:57 18.10 18.13 18.09 18.09  149000
2015-03-03 08:44:59 18.07 18.11 18.06 18.10  157800
2015-03-03 08:49:54 18.04 18.08 18.03 18.07  687600
2015-03-03 08:54:59 18.04 18.05 18.02 18.04   53300
2015-03-03 08:59:58 18.03 18.07 18.03 18.04   54300
2015-03-03 09:04:57 18.06 18.08 18.03 18.03   53800
2015-03-03 09:09:49 18.06 18.09 18.05 18.06   25200
2015-03-03 09:14:59 18.07 18.08 18.06 18.06   24700
2015-03-03 09:19:56 18.07 18.09 18.06 18.07   49900
2015-03-03 09:24:58 18.07 18.08 18.05 18.08   34300
2015-03-03 09:29:50 18.07 18.08 18.06 18.06   40200
2015-03-03 09:34:59 18.07 18.10 18.06 18.06  104400
2015-03-03 09:39:54 18.08 18.10 18.07 18.07   62500
2015-03-03 09:44:55 18.08 18.09 18.06 18.07  156300
2015-03-03 09:49:55 18.08 18.09 18.07 18.08   73800
2015-03-03 09:54:58 18.06 18.08 18.06 18.08   55700
2015-03-03 09:59:57 18.06 18.07 18.04 18.06   80600
2015-03-03 10:04:54 18.07 18.08 18.05 18.06  124000
2015-03-03 10:09:36 18.10 18.10 18.06 18.07   59100
2015-03-03 10:14:59 18.11 18.13 18.08 18.09  107600
2015-03-03 10:19:36 18.08 18.12 18.07 18.11   99500
2015-03-03 10:24:49 18.10 18.12 18.07 18.07  102700
2015-03-03 10:29:57 18.10 18.12 18.08 18.09   53800
2015-03-03 10:34:56 18.07 18.11 18.06 18.10   73800
2015-03-03 10:39:48 18.08 18.10 18.07 18.07   68800
2015-03-03 10:44:57 18.11 18.12 18.08 18.08   50100
2015-03-03 10:49:57 18.10 18.12 18.09 18.11   70800
2015-03-03 10:54:55 18.07 18.11 18.07 18.09  122300
2015-03-03 10:59:58 18.05 18.08 18.05 18.07   80100
2015-03-03 11:04:46 18.07 18.07 18.05 18.05   43400
2015-03-03 11:09:57 18.06 18.07 18.05 18.05   71100
2015-03-03 11:14:57 18.04 18.07 18.04 18.06  106900
2015-03-03 11:19:59 18.03 18.04 18.01 18.03  117700
2015-03-03 11:24:58 18.04 18.04 18.01 18.03  114100
2015-03-03 11:29:57 18.05 18.05 18.03 18.03   72100
2015-03-03 11:34:56 18.02 18.05 18.00 18.05  163500
2015-03-03 11:39:55 18.00 18.02 17.97 18.02  268500
2015-03-03 11:44:57 18.02 18.02 17.98 18.01  140100
2015-03-03 11:49:59 18.14 18.14 18.02 18.02  923200
2015-03-03 11:54:59 18.16 18.17 18.06 18.11  209100
2015-03-03 11:59:52 18.11 18.11 18.07 18.10       0
2015-03-03 12:00:00 18.08 18.08 18.08 18.08       0
2015-03-04 05:15:17 18.08 18.08 18.08 18.08       0
2015-03-04 05:24:48 17.81 17.84 17.74 17.79  431900
2015-03-04 05:29:57 17.79 17.85 17.76 17.82  253300
2015-03-04 05:34:46 17.81 17.82 17.78 17.79   62900
2015-03-04 05:39:46 17.82 17.87 17.81 17.81  139000
2015-03-04 05:44:51 17.83 17.87 17.81 17.82   56100
2015-03-04 05:49:49 17.84 17.86 17.80 17.82   99800
2015-03-04 05:54:57 17.91 17.91 17.84 17.84  201000
2015-03-04 05:59:59 17.88 17.91 17.85 17.91  106800
2015-03-04 06:04:47 17.91 17.91 17.86 17.86   88200
2015-03-04 06:09:57 17.91 17.92 17.88 17.91  143300
2015-03-04 06:14:48 17.90 17.93 17.88 17.91   74100
2015-03-04 06:19:43 17.86 17.90 17.81 17.90  174600
2015-03-04 06:24:50 17.87 17.88 17.85 17.87   92000
2015-03-04 06:29:23 17.86 17.87 17.85 17.86   27700
2015-03-04 06:34:56 17.87 17.88 17.85 17.85   46500
2015-03-04 06:39:56 17.85 17.88 17.85 17.86  105300
2015-03-04 06:44:58 17.90 17.90 17.85 17.87   96700
2015-03-04 06:49:58 17.81 17.92 17.81 17.91  259600
2015-03-04 06:54:59 17.73 17.81 17.71 17.81  662000
2015-03-04 06:59:58 17.71 17.73 17.67 17.73  379100
2015-03-04 07:04:53 17.72 17.74 17.70 17.71  197700
2015-03-04 07:09:48 17.72 17.73 17.69 17.71  501400
2015-03-04 07:14:59 17.68 17.73 17.68 17.72  174900
2015-03-04 07:19:55 17.69 17.71 17.67 17.68  261900
2015-03-04 07:24:44 17.73 17.73 17.68 17.70   60400
2015-03-04 07:29:33 17.72 17.73 17.70 17.73  196900
2015-03-04 07:34:58 17.69 17.72 17.69 17.71  454600
2015-03-04 07:39:49 17.65 17.69 17.64 17.69  134400
2015-03-04 07:44:49 17.65 17.66 17.62 17.64  130300
2015-03-04 07:49:59 17.64 17.65 17.61 17.64  238300
2015-03-04 07:54:59 17.63 17.65 17.61 17.64   81300
2015-03-04 07:59:59 17.57 17.65 17.57 17.63  227000
2015-03-04 08:04:59 17.57 17.59 17.55 17.57  140000
2015-03-04 08:09:59 17.55 17.58 17.55 17.57  115600
2015-03-04 08:14:57 17.55 17.58 17.53 17.56  130500
2015-03-04 08:19:55 17.56 17.56 17.52 17.56  106800
2015-03-04 08:24:51 17.56 17.58 17.54 17.56   82900
2015-03-04 08:29:51 17.57 17.59 17.55 17.56   92300
2015-03-04 08:34:55 17.63 17.63 17.55 17.57  146800
2015-03-04 08:39:58 17.65 17.66 17.62 17.63   47000
2015-03-04 08:44:58 17.65 17.66 17.64 17.66   30400
2015-03-04 08:49:53 17.68 17.68 17.65 17.65   18100
2015-03-04 08:54:51 17.69 17.71 17.68 17.68  119100
2015-03-04 08:59:57 17.64 17.70 17.63 17.69   43400
2015-03-04 09:04:55 17.63 17.65 17.62 17.64   39000
2015-03-04 09:09:58 17.62 17.64 17.62 17.63   81700
2015-03-04 09:14:57 17.60 17.63 17.59 17.62  125400
2015-03-04 09:19:50 17.61 17.61 17.59 17.60   35700
2015-03-04 09:24:53 17.61 17.62 17.60 17.61   75500
2015-03-04 09:29:55 17.59 17.62 17.57 17.62  108200
2015-03-04 09:34:57 17.62 17.62 17.58 17.59   61600
2015-03-04 09:39:59 17.59 17.62 17.58 17.62  102300
2015-03-04 09:44:57 17.60 17.61 17.58 17.59   39800
2015-03-04 09:49:57 17.61 17.63 17.60 17.61   62700
2015-03-04 09:54:57 17.65 17.66 17.61 17.62  219700
2015-03-04 09:59:56 17.67 17.68 17.65 17.65   38900
2015-03-04 10:04:52 17.67 17.68 17.66 17.67   60200
2015-03-04 10:09:59 17.68 17.71 17.65 17.68  307500
2015-03-04 10:14:52 17.66 17.70 17.65 17.69  205200
2015-03-04 10:19:50 17.66 17.67 17.65 17.66   20500
2015-03-04 10:24:58 17.69 17.70 17.66 17.67   69700
2015-03-04 10:29:59 17.69 17.70 17.66 17.70   64200
2015-03-04 10:34:58 17.70 17.71 17.68 17.69  143300
2015-03-04 10:39:52 17.70 17.71 17.68 17.69  130200
2015-03-04 10:44:53 17.72 17.73 17.70 17.70  143700
2015-03-04 10:49:58 17.70 17.73 17.69 17.72  125500
2015-03-04 10:54:51 17.70 17.70 17.67 17.69  168800
2015-03-04 10:59:57 17.68 17.70 17.68 17.70  130600
2015-03-04 11:04:57 17.62 17.69 17.61 17.68  119100
2015-03-04 11:09:58 17.60 17.63 17.58 17.61  315500
2015-03-04 11:14:58 17.59 17.61 17.58 17.59  289400
2015-03-04 11:19:53 17.59 17.60 17.58 17.59  218300
2015-03-04 11:24:50 17.60 17.60 17.57 17.59  125700
2015-03-04 11:29:59 17.60 17.62 17.58 17.60  433600
2015-03-04 11:34:52 17.58 17.60 17.57 17.60  287800
2015-03-04 11:39:52 17.60 17.60 17.57 17.58   87100
2015-03-04 11:44:59 17.58 17.60 17.58 17.59  250900
2015-03-04 11:49:53 17.63 17.66 17.57 17.58  793200
2015-03-04 11:54:55 17.63 17.66 17.58 17.59  303400
2015-03-04 11:59:59 17.61 17.63 17.60 17.63       0
2015-03-04 12:00:00 17.66 17.66 17.66 17.66       0
2015-03-05 05:19:53 17.56 17.56 17.53 17.53  150800
2015-03-05 05:24:57 17.53 17.60 17.50 17.58  255900
2015-03-05 05:29:59 17.54 17.58 17.51 17.53  157100
2015-03-05 05:34:58 17.58 17.58 17.54 17.54   53500
2015-03-05 05:39:41 17.60 17.62 17.57 17.58  218000
2015-03-05 05:44:56 17.59 17.61 17.58 17.59   59500
2015-03-05 05:49:56 17.59 17.59 17.58 17.58   46300
2015-03-05 05:54:55 17.55 17.59 17.54 17.59  113600
2015-03-05 05:59:56 17.51 17.56 17.51 17.55  149200
2015-03-05 06:04:58 17.48 17.52 17.44 17.52  429700
2015-03-05 06:09:58 17.51 17.53 17.48 17.49  335500
2015-03-05 06:14:58 17.46 17.53 17.45 17.52  128100
2015-03-05 06:19:59 17.47 17.47 17.46 17.46  100800
2015-03-05 06:24:58 17.47 17.49 17.46 17.47   85700
2015-03-05 06:29:59 17.50 17.52 17.46 17.48   69300
2015-03-05 06:34:56 17.52 17.54 17.49 17.50   45100
2015-03-05 06:39:57 17.48 17.54 17.47 17.53  174200
2015-03-05 06:44:55 17.55 17.55 17.47 17.49  142500
2015-03-05 06:49:59 17.42 17.56 17.42 17.56  557100
2015-03-05 06:54:58 17.37 17.43 17.35 17.43  804300
2015-03-05 06:59:58 17.39 17.40 17.35 17.37  216900
2015-03-05 07:04:55 17.38 17.41 17.36 17.38  219000
2015-03-05 07:09:56 17.33 17.39 17.30 17.38  423100
2015-03-05 07:14:59 17.37 17.38 17.31 17.33  688200
2015-03-05 07:19:56 17.36 17.37 17.34 17.37   66900
2015-03-05 07:24:55 17.39 17.39 17.35 17.35   69100
2015-03-05 07:29:59 17.36 17.39 17.36 17.39   61700
2015-03-05 07:34:56 17.37 17.38 17.36 17.37   32900
2015-03-05 07:39:59 17.34 17.38 17.34 17.38  191500
2015-03-05 07:44:57 17.35 17.36 17.34 17.34  102600
2015-03-05 07:49:59 17.34 17.35 17.33 17.34  152000
2015-03-05 07:54:59 17.32 17.35 17.32 17.33  102100
2015-03-05 07:59:59 17.25 17.33 17.25 17.32  338300
2015-03-05 08:04:59 17.26 17.28 17.25 17.25  142400
2015-03-05 08:09:59 17.23 17.28 17.22 17.26  267900
2015-03-05 08:14:59 17.22 17.24 17.22 17.23  150100
2015-03-05 08:19:59 17.25 17.26 17.22 17.23   99200
2015-03-05 08:24:58 17.25 17.27 17.24 17.24   76800
2015-03-05 08:29:59 17.26 17.27 17.24 17.25   78900
2015-03-05 08:34:58 17.25 17.27 17.25 17.25   95800
2015-03-05 08:39:52 17.24 17.27 17.24 17.25  127200
2015-03-05 08:44:59 17.26 17.28 17.24 17.25   67600
2015-03-05 08:49:59 17.24 17.27 17.23 17.27  204500
2015-03-05 08:54:58 17.22 17.25 17.21 17.24  239500
2015-03-05 08:59:55 17.23 17.24 17.21 17.21  108200
2015-03-05 09:04:58 17.19 17.24 17.19 17.23  261500
2015-03-05 09:09:59 17.19 17.20 17.17 17.19  157500
2015-03-05 09:14:58 17.16 17.19 17.16 17.17  103000
2015-03-05 09:19:58 17.18 17.19 17.16 17.16  211900
2015-03-05 09:24:54 17.19 17.19 17.17 17.17   90100
2015-03-05 09:29:59 17.17 17.20 17.15 17.18  130500
2015-03-05 09:34:49 17.15 17.17 17.14 17.16  310500
2015-03-05 09:39:53 17.15 17.17 17.15 17.16  126400
2015-03-05 09:44:58 17.14 17.16 17.13 17.16  246500
2015-03-05 09:49:58 17.15 17.16 17.13 17.14  165000
2015-03-05 09:54:59 17.15 17.16 17.13 17.14  129000
2015-03-05 09:59:57 17.17 17.17 17.12 17.15  151300
2015-03-05 10:04:58 17.16 17.18 17.15 17.17   89700
2015-03-05 10:09:59 17.16 17.18 17.15 17.16   90500
2015-03-05 10:14:59 17.14 17.16 17.14 17.16   80900
2015-03-05 10:19:57 17.15 17.15 17.13 17.15  129200
2015-03-05 10:24:59 17.19 17.19 17.14 17.16  143700
2015-03-05 10:29:59 17.19 17.20 17.17 17.19  128000
2015-03-05 10:34:58 17.14 17.20 17.13 17.19  276800
2015-03-05 10:39:59 17.14 17.16 17.13 17.14  220200
2015-03-05 10:44:59 17.13 17.15 17.13 17.14  141700
2015-03-05 10:49:59 17.14 17.15 17.12 17.14  307600
2015-03-05 10:54:59 17.13 17.15 17.12 17.14  252000
2015-03-05 10:59:59 17.06 17.14 17.05 17.14  649800
2015-03-05 11:04:53 17.03 17.06 17.02 17.06  646300
2015-03-05 11:09:59 17.03 17.03 16.99 17.02  451800
2015-03-05 11:14:59 17.02 17.04 17.01 17.03  259500
2015-03-05 11:19:59 16.99 17.02 16.98 17.01  308900
2015-03-05 11:24:58 16.99 17.00 16.98 16.98  235800
2015-03-05 11:29:59 16.97 17.00 16.97 16.99  326400
2015-03-05 11:34:59 16.96 16.99 16.93 16.97  503100
2015-03-05 11:39:57 16.98 16.98 16.95 16.95  233100
2015-03-05 11:44:56 16.98 17.00 16.97 16.98  223100
2015-03-05 11:49:54 16.99 17.02 16.98 16.98 1484100
2015-03-05 11:54:58 16.97 17.01 16.93 16.99  584000
2015-03-05 11:59:59 17.01 17.02 16.99 16.99       0
2015-03-05 12:00:00 16.94 16.94 16.94 16.94 2614800
